0 0.7362306746310611 0.45361911454673226 0.02095045678144771 0.026001405481377447
0 0.36722593113141244 0.13808854532677442 0.027670414617006357 0.03302881236823613
0 0.31544272663387213 0.10962754743499648 0.03162333099086439 0.03935347856640901
0 0.2604971890372452 0.07624736472241743 0.03162333099086439 0.042867182009838356
0 0.21029515108924804 0.04989458889669711 0.03162333099086439 0.02670414617006324
2 0.09882290934645116 0.08327477160927618 0.029251581166549558 0.017568517217146872
0 0.8443429374560787 0.533380182712579 0.014230498945888997 0.009838369641602255
0 0.8297171468728038 0.5407589599437808 0.014230498945888855 0.01475755446240349
0 0.8180560435699227 0.5484891075193253 0.010672874209416676 0.013352073085031647
0 0.7176519676739284 0.2568517217146873 0.009882290934645113 0.010541110330288176
0 0.7032238229093466 0.26247364722417427 0.010277582572031036 0.006324666198172863
