0 0.3013277053833008 0.5645048022270203 0.03838609158992767 0.04796566441655159
0 0.22483445703983307 0.18804126977920532 0.02079884149134159 0.021148286759853363
0 0.23379822075366974 0.556738555431366 0.03904223442077637 0.05135012045502663
0 0.16503425860857346 0.5484891075193253 0.04466795502459592 0.03021784961349262
0 0.0936841180604357 0.5323260716795503 0.04031974701335208 0.02881236823612092
2 0.11799455375966268 0.29585382993675335 0.03280920590302179 0.01546029515108927
0 0.26543833450456783 0.19501054111033028 0.02332220660576251 0.02178496134926213
0 0.3020028109627547 0.19465917076598735 0.026879831342234723 0.016865776528461007
0 0.2899464160224877 0.02108222066057625 0.015416373858046341 0.011243851018974
0 0.3174191848208011 0.009135628952916372 0.016602248770203793 0.012649332396345747
2 0.2626712930428672 0.01932536893886156 0.015416373858046378 0.013352073085031621
2 0.2081210470836261 0.12087139845397048 0.01936929023190441 0.023893183415319735
