0 0.5253425860857344 0.29198875614898107 0.00948699929725926 0.017568517217146855
0 0.5356201686577653 0.2832044975404076 0.007115249472944498 0.016865776528461007
0 0.5464906886858749 0.2786366830639494 0.0075105411103302796 0.017568517217146928
0 0.5451071679550246 0.3376669009135629 0.007905832747716062 0.03583977512297963
0 0.5348295853829937 0.3348559381588194 0.011858749121574093 0.01897399859451859
0 0.623177266338721 0.2649332396345748 0.017788123682361247 0.03232607167955024
0 0.6336524947294448 0.25298664792691494 0.015811665495432194 0.03232607167955024
0 0.6524288475052705 0.23506676036542515 0.021741040056219275 0.05411103302881241
0 0.6522312046877669 0.038299303873216506 0.024508081517919892 0.027406886858749115
0 0.6348383696416023 0.0959241040056219 0.01502108222066063 0.028812368236120864
0 0.6237702037947997 0.13562895291637386 0.011858749121574093 0.01967673928320451
