0 0.2564581334590912 0.3029467463493347 0.013469934463500977 0.015886152163147926
0 0.21721865236759186 0.2973499894142151 0.011713091284036636 0.012813398614525795
1 0.24734564125537872 0.033302705734968185 0.008077288046479225 0.012496327981352806
1 0.27816760540008545 0.03417756035923958 0.007447465322911739 0.012544306926429272
1 0.30299104005621924 0.30147575544624033 0.006719957835558645 0.01967673928320444
1 0.3069439564300773 0.028812368236120874 0.00830112438510195 0.019676739283204497
1 0.433041988756149 0.2111735769501054 0.006719957835558645 0.021784961349262097
1 0.42572909346451154 0.21047083626141955 0.0047434996486295945 0.01756851721714689
0 0.4160444483485594 0.21257905832747717 0.008301124385101914 0.01756851721714689
0 0.4779075895994378 0.4472944483485593 0.007905832747716062 0.011946591707659876
0 0.4617006324666198 0.4465917076598735 0.007905832747716062 0.013352073085031578
0 0.46901352775825716 0.44588896697118763 0.008301124385101914 0.006324666198172793
2 0.16345309205903022 0.38334504567814476 0.012254040758959946 0.011946591707659876
