0 0.09217343451202085 0.5347915286534088 0.016170777984565062 0.010860374350127629
0 0.12226904909440585 0.5312778781283675 0.01922525827053848 0.010860374350127558
0 0.10151655068088068 0.48895436044037 0.01796753109396116 0.012457488225146491
0 0.17832774610756474 0.20067530599948175 0.014553700186108607 0.012138065450142647
0 0.19225258270538462 0.1993976148994667 0.01545207674080661 0.010221528800120155
0 0.20716563351337242 0.19827963518695355 0.014374024875168985 0.007985569375093853
0 0.2219888466658904 0.19764078963694603 0.014553700186108536 0.008624414925101362
2 0.8881440335510993 0.10905367433127974 0.011957391943031154 0.010049040501618122
2 0.4795273397887888 0.3065559703438511 0.014783684584111185 0.006184024924072666
0 0.4797447469150257 0.07310902946010726 0.014783684584111256 0.0054110218085635965
