1 0.20888015627861023 0.7892398238182068 0.012866402044892311 0.026206206530332565
1 0.7803056921995783 0.09065354884047787 0.029251581166549415 0.09697821503865076
0 0.7929550245959242 0.12087139845397049 0.06719957835558688 0.037947997189037255
0 0.19151879831342236 0.061489810260014044 0.021741040056219275 0.040056219255094866
0 0.18242709065354884 0.2094167252283907 0.02253162333099084 0.016865776528461007
1 0.17511419536191147 0.19676739283204497 0.017392832044975427 0.030920590302178468
0 0.20812104808402257 0.199578332437638 0.024903373155305674 0.02108222066057625
0 0.20970221363316938 0.1247364722417428 0.022531623330990874 0.014757554462403366
0 0.18460119465917074 0.13422347153900213 0.018973998594518628 0.014054813773717499
1 0.18302002810962756 0.12579058327477163 0.010277582572030895 0.022487702037948
1 0.20772575544624033 0.1359803232607168 0.02015987350667601 0.02459592410400564
0 0.20970221363316938 0.19290231904427266 0.026484539704848906 0.018973998594518628
0 0.9759750527055516 0.696767392832045 0.028460997891777993 0.037245256500351334
0 0.9633257203092058 0.7565003513703443 0.030832747716092682 0.024595924104005747
0 0.9512693253689389 0.8193956430077302 0.028856289529163776 0.021082220660576353
0 0.9402011595221363 0.915671117357695 0.030437456078707043 0.021082220660576353
0 0.9728127196064651 0.8264230498945889 0.025298664792691595 0.01827125790583281
1 0.9749868236120872 0.6813070976809559 0.028856289529163776 0.041461700632466576
1 0.1978434645115952 0.7315530569219958 0.02411278988053411 0.03232607167955024
0 0.12550509486999295 0.7719606465214336 0.021741040056219258 0.017568517217146962
0 0.11641338721011948 0.8429374560787071 0.023322206605762494 0.021784961349262204
