1 0.6106952428817749 0.7308271527290344 0.012600644491612911 0.022037986665964127
1 0.4886332154273987 0.8010900616645813 0.011566289700567722 0.01742774061858654
1 0.5537795424461365 0.780647873878479 0.009929911233484745 0.022100886330008507
1 0.4603171117357695 0.5411103302881237 0.009091707659873478 0.01827125790583274
0 0.47197821503865073 0.3956430077301476 0.010277582572030895 0.007027406886858643
1 0.4522136331693605 0.38966971187631766 0.007115249472944498 0.01475755446240342
1 0.4387737174982431 0.3896697118763177 0.004743499648629666 0.013352073085031647
1 0.5237614195361912 0.5274068868587491 0.00948699929725926 0.007730147575544564
2 0.6156667252283907 0.5931131412508783 0.01699754040758954 0.025298664792691525
2 0.7220001756851722 0.7561489810260014 0.013835207308503072 0.01967673928320451
