1 0.4945657253265361 0.13991850873405362 0.026245456188917063 0.009431085138512839
1 0.516421914100645 0.12121966124437204 0.024491034448146726 0.0075543861262396565
0 0.46682653876898483 0.4460431654676259 0.052986182482585346 0.024665981500513894
0 0.3846066004339386 0.44655704008222 0.05664040196414298 0.01952723535457352
0 0.30421377183967113 0.4424460431654677 0.07856571885348863 0.01952723535457352
0 0.469567203380153 0.47430626927029806 0.06577595066803703 0.021582733812949683
0 0.5536142514559781 0.43679342240493324 0.06943017014959459 0.024665981500513894
0 0.5380838186593582 0.46762589928057563 0.06394884092725832 0.01233299075025691
0 0.31883064976590153 0.13309352517985615 0.05298618248258531 0.019527235354573486
0 0.25762247344981154 0.14696813977389517 0.043850633778691306 0.01233299075025693
0 0.7049317002475854 0.32893804557090606 0.02165847213635587 0.011602752930190618
