0 0.3026258945465088 0.13158677518367767 0.045654863119125366 0.017742156982421875
0 0.48659849166870117 0.14705385267734528 0.022848283872008324 0.012746921740472317
0 0.24300559552358117 0.13977389516957864 0.058467511704921794 0.008221993833504637
0 0.47870275208404706 0.45375128468653647 0.06212173118647946 0.021582733812949614
0 0.39922347836016897 0.4537512846865366 0.05664040196414298 0.019527235354573447
1 0.32613908872901676 0.44964028776978426 0.049331963001027754 0.017471736896197285
1 0.24757336987552814 0.44604316546762596 0.05664040196414298 0.02261048304213773
0 0.40013703323055844 0.47893114080164445 0.062121731186479394 0.010277492291880748
0 0.4723078679913212 0.47893114080164445 0.05664040196414298 0.012332990750256982
0 0.8353982109737297 0.6215388369437473 0.045379655904745846 0.009282202344152495
0 0.8864503238665686 0.6139970475391233 0.02578389540042366 0.009282202344152423
1 0.6574893327108058 0.35032448720053994 0.023721183768389834 0.00986233999066208
