1 0.32784733176231384 0.47892412543296814 0.07105684280395508 0.03108867071568966
1 0.45677743519470143 0.45272353545734845 0.06577595066803703 0.021582733812949614
1 0.6120817631608998 0.41983556012332995 0.0840470480758249 0.029804727646454268
1 0.7609912070343725 0.3982528263103803 0.09318259677971895 0.015416238437821193
1 0.6248715313463515 0.10380267214799589 0.0548132922233642 0.006166495375128455
1 0.5399109284001369 0.12178828365878726 0.06760306040881581 0.011305241521068883
1 0.45038255110197556 0.13771839671120248 0.074911499371931 0.010277492291880802
0 0.7107456891629553 0.07965056526207606 0.07308438963115207 0.01747173689619732
2 0.877926230444216 0.12538540596094555 0.08221993833504626 0.026721479958890022
2 0.7997695555113258 0.03480825879057207 0.06375654135377516 0.012657548651117114
2 0.7786763879566538 0.003164387162779279 0.04032213017201215 0.006328774325558558
