0 0.5395439930072147 0.46020543416504844 0.0562557717827427 0.01678084101473857
1 0.4577174158686797 0.46907530727283875 0.054551051425689966 0.017260293615159697
1 0.38441444051540885 0.4745890121776815 0.04943689035453147 0.013904125412211954
1 0.3055711240017164 0.4808218959831559 0.05199397089011068 0.02061646181810744
1 0.5855714426476405 0.2852052350113458 0.03238968678400333 0.01390412541221199
1 0.5344298319360561 0.29910936042355785 0.025570805355792103 0.012945220211369807
1 0.4828620411352087 0.3077395072311377 0.02812788589137135 0.011027409809685444
0 0.4368345914947828 0.316129927738507 0.03494676731958265 0.0009589052008422527
1 0.5033186854198424 0.22599283885933963 0.017899563749054506 0.006712336405895414
0 0.5357083722038457 0.21808187095239145 0.023013724820212786 0.009109599408000974
1 0.568098058987849 0.20753391374312716 0.016194843392001702 0.010068504608843155
