0 0.3173818088386433 0.5190133607399795 0.006937307297019508 0.008221993833504512
0 0.3269206063720452 0.5169578622816033 0.009827852004111008 0.008221993833504512
0 0.3376156217882837 0.5143884892086331 0.008093525179856087 0.005138746145940516
0 0.3462872559095581 0.512332990750257 0.009249743062692701 0.009249743062692772
0 0.35727132579650556 0.5102774922918808 0.010405960945529315 0.009249743062692772
0 0.37923946557040084 0.3581706063720452 0.009249743062692701 0.007194244604316538
0 0.35177929085303183 0.3597122302158273 0.009827852004111008 0.010277492291880819
0 0.36016187050359716 0.3576567317574512 0.008093525179856087 0.010277492291880819
2 0.36998972250770806 0.3571428571428571 0.008093525179856087 0.007194244604316609
2 0.4116135662898253 0.3997944501541624 0.009249743062692701 0.008221993833504655
2 0.41652749229188074 0.2183967112024666 0.005202980472764622 0.011305241521068866
2 0.4214414182939363 0.09815005138746147 0.01156217882836586 0.011305241521068866
1 0.38386433710174717 0.20246659815005139 0.012718396711202402 0.008221993833504655
0 0.40207476875642345 0.20452209660842754 0.009827852004111008 0.006166495375128491
0 0.39455935251798563 0.20400822199383348 0.007515416238437851 0.0113052415210689
0 0.47462744090441933 0.39414182939362796 0.010405960945529315 0.011305241521068866
