0 0.6892572641372681 0.13901183009147644 0.011288071051239967 0.009504487738013268
0 0.8420923948287964 0.4258061647415161 0.03338317945599556 0.02683715894818306
0 0.7124236822128296 0.4690360724925995 0.024918746203184128 0.024632403627038002
0 0.6047267913818359 0.4824712574481964 0.021264266222715378 0.015892989933490753
0 0.37996527552604675 0.7493958473205566 0.013662624172866344 0.008975728414952755
0 0.6318590044975281 0.2623039186000824 0.014277267269790173 0.01069742813706398
2 0.8849563598632812 0.2389693409204483 0.02491302415728569 0.0229893010109663
0 0.6938849091529846 0.26038140058517456 0.01648387871682644 0.01248126570135355
0 0.7675457000732422 0.23160764575004578 0.018752479925751686 0.01898675225675106
0 0.4773591458797455 0.46425485610961914 0.010757064446806908 0.011135694570839405
0 0.35277000069618225 0.7382685542106628 0.014270464889705181 0.01146511547267437
2 0.768203616142273 0.11327457427978516 0.014746665954589844 0.014965354464948177
2 0.7446869015693665 0.07233669608831406 0.013459587469696999 0.0148783503100276
0 0.36655673384666443 0.7447587847709656 0.014751720242202282 0.01381496898829937
1 0.6488602757453918 0.1310047060251236 0.006112607195973396 0.011070718057453632
0 0.7292498890368398 0.13414213147901563 0.013315579227696474 0.014203284509542833
2 0.7260049952426262 0.046622264509990484 0.008028068506184524 0.017126546146527116
2 0.8073560894386298 0.16079923882017128 0.021943387250237974 0.022835394862036153
