2 0.8504585027694702 0.26482415199279785 0.012785720638930798 0.012179650366306305
0 0.7016399502754211 0.04015710577368736 0.011069679632782936 0.00937067624181509
0 0.7481964826583862 0.04567553102970123 0.012072117999196053 0.012238523922860622
1 0.6544696092605591 0.03653007000684738 0.00877278670668602 0.009325525723397732
0 0.38766853190758543 0.23163534700870514 0.009964815340936184 0.010840564034879208
0 0.7981764078140259 0.048340220004320145 0.01295318640768528 0.009990670718252659
0 0.3943008972037693 0.2318192422389984 0.008196067996323109 0.01145358569920063
0 0.38055433347998247 0.23190106076159747 0.006159260888693368 0.011731925502273057
1 0.6106684110371076 0.032825880114176975 0.013915318744053308 0.012369172216936248
2 0.8539188867745006 0.0637488106565176 0.021943387250237832 0.017126546146527123
