0 0.5816277265548706 0.17661833763122559 0.027685830369591713 0.012091000564396381
1 0.4572912357794165 0.411780721522517 0.02812788589137142 0.014863030613054136
1 0.5233491496152128 0.3794176709940926 0.028980246069897787 0.013424672811790899
1 0.6013401059503789 0.3422600944614571 0.038356208033688194 0.028287703424845035
1 0.6870023038922827 0.31589020143829644 0.054551051425689966 0.006232883805474359
1 0.17175057597307058 0.3820546602964086 0.031537326605477 0.012945220211369773
1 0.48541912167078777 0.2164037868509176 0.03324204696252984 0.01630138841431748
1 0.53229893148974 0.19866404063533674 0.024718445177265735 0.012465767610948647
0 0.620944390056486 0.1540749487961742 0.03835620803368826 0.022054819619370745
2 0.7164087300514435 0.14424617048754157 0.03665148767663538 0.025410987822318473
1 0.48158350086741897 0.12864216767383663 0.02402105957665327 0.005666258004976665
1 0.518777399566753 0.11251512565967225 0.020921568018375324 0.006537990005742298
0 0.5540341160421635 0.0944266866437852 0.02324618668708375 0.011332516009953348
