0 0.8264066576957703 0.6287869215011597 0.018937300890684128 0.02971021831035614
0 0.5234511494636536 0.9243730306625366 0.02227150648832321 0.02325202152132988
0 0.44175440073013306 0.9622013568878174 0.016457844525575638 0.01802775077521801
0 0.587727427482605 0.8833098411560059 0.021591568365693092 0.02209998294711113
0 0.6589612364768982 0.2717885971069336 0.009603691287338734 0.00971823837608099
0 0.7724663019180298 0.29835614562034607 0.012810135260224342 0.0203119907528162
1 0.6692245602607727 0.813771665096283 0.016428183764219284 0.01492360420525074
0 0.7123147249221802 0.387689471244812 0.013616752810776234 0.02014855295419693
0 0.37082022428512573 0.9845477342605591 0.020742226392030716 0.019129661843180656
0 0.7049337029457092 0.24161459505558014 0.013921928592026234 0.013402543030679226
0 0.7448074221611023 0.3453311622142792 0.009359168820083141 0.016809506341814995
1 0.7452705675318961 0.7375470499095664 0.021117465904091404 0.026592364471818966
0 0.6823581170259568 0.41335484186342086 0.014078310602727698 0.01642469570318234
0 0.645842498900132 0.4422935914356944 0.019357677078750513 0.013296182235909483
0 0.6102067751869776 0.463802121523195 0.018477782666080175 0.01720682407000055
0 0.5763308402991641 0.4810089455931954 0.014958205015398107 0.014078310602727627
2 0.5820501539815223 0.35625947108569195 0.022877254729432507 0.01955320917045512
1 0.6805983282006158 0.2620130028840984 0.014958205015398107 0.020335337537273297
0 0.7265728112626485 0.22564403382705187 0.010998680158380979 0.01486043896954584
0 0.7098548174219094 0.1712861123331867 0.010998680158380979 0.010949797135454844
0 0.6920369555653322 0.18536442293591435 0.009678838539375362 0.010949797135454844
1 0.7316246431969553 0.153663177925785 0.007492863939105519 0.01617507136060896
