1 0.7899965622208717 0.33812950052893476 0.06714628297362112 0.02261048304213773
0 0.7036656389174374 0.34789311408016443 0.07810894141829394 0.021582733812949614
0 0.6084275436793423 0.3597122302158273 0.07673860911270979 0.030832476875642313
0 0.5125042822884549 0.38848920863309355 0.07673860911270985 0.030832476875642386
0 0.5083932853717026 0.3535457348406989 0.08770126755738268 0.03288797533401848
0 0.5926687221651251 0.3859198355601234 0.0753682768071257 0.019527235354573447
0 0.05207262761219596 0.7852004110996917 0.05207262761219596 0.020554984583761496
0 0.05549845837615622 0.7435765673175746 0.05618362452894827 0.021582733812949614
0 0.4878383007879411 0.09712230215827339 0.05207262761219589 0.011305241521068866
1 0.4857828023295624 0.06689497671341867 0.0561836245289479 0.01825197666525203
