2 0.28299129009246826 0.5323052406311035 0.021801693364977837 0.01486884243786335
0 0.495731920003891 0.7535590529441833 0.012651443481445312 0.01320529542863369
1 0.6355037395512538 0.8826318619543432 0.011878574571051388 0.02737449283863711
1 0.5967883853937527 0.8572126900327517 0.009238891333040017 0.014078310602727698
1 0.681698196216454 0.9080510338759348 0.013638363396392492 0.02972087793909182
0 0.7206335239771227 0.9162633817275261 0.014958205015398249 0.017988952436818834
1 0.7716673999120105 0.9103974189763895 0.014958205015398107 0.023463851004546257
1 0.44919064748201437 0.2451181911613566 0.008093525179856087 0.007194244604316573
0 0.43358170606372054 0.23535456935801283 0.008093525179856087 0.012332999002370941
0 0.4046762589928058 0.20709146968139774 0.009249743062692701 0.013360739979445029
0 0.41855087358684484 0.21942446043165467 0.008093525179856087 0.013360739979445029
0 0.44976875642343267 0.30626927029804724 0.01156217882836586 0.01438848920863311
0 0.4338707605344295 0.2954779033915724 0.009827852004110937 0.011305241521068866
0 0.41999614594039053 0.27543679342240496 0.009827852004111008 0.02055498458376153
1 0.3997623329907502 0.2574511819116136 0.008671634121274465 0.015416238437821157
2 0.36016187050359705 0.23432682425488183 0.004624871531346386 0.018499486125385402
2 0.32345195272353544 0.3591983556012333 0.016765159301130518 0.02569373072970194
2 0.34513103802672146 0.2805755395683453 0.009249743062692772 0.014388489208633075
