0 0.5080012083053589 0.34003353118896484 0.00937643088400364 0.009354033507406712
0 0.538546621799469 0.3367423713207245 0.009934807196259499 0.00917960237711668
0 0.490816593170166 0.18075522780418396 0.0077228546142578125 0.00897886510938406
0 0.5528326034545898 0.029857028275728226 0.007053375244140625 0.008362420834600925
0 0.4761424958705902 0.3399326503276825 0.009694481268525124 0.00850584264844656
1 0.5303877259752617 0.030447193149381543 0.00642245480494779 0.013320647002854425
1 0.5087119410085633 0.024738344433872506 0.009098477640342537 0.013320647002854428
0 0.5191484300666033 0.18411037107516648 0.006422454804947648 0.014272121788772588
0 0.5488522835394862 0.1817316841103711 0.008028068506184595 0.013320647002854394
2 0.5662464319695529 0.3615604186489058 0.00856327307326353 0.013320647002854428
0 0.37919243577545203 0.4291151284490961 0.005887250237868713 0.011417697431018042
