2 0.2619214355945587 0.5596697926521301 0.02423590049147606 0.02195383794605732
0 0.5658066623122142 0.8703461789679949 0.022044415414761716 0.025473546701502273
0 0.6049354996734161 0.8954931417374266 0.018002939255388668 0.03527106466361871
1 0.6602302416721096 0.9232527759634226 0.016165904637491763 0.013716525146962795
1 0.6973383409536251 0.933050293925539 0.016900718484650527 0.00979751796211616
1 0.7484079033311563 0.9350097975179622 0.021309601567602813 0.017635532331809287
0 0.5174926518615284 0.8203788373612018 0.011389614630960167 0.02482037883736126
0 0.4717504898758981 0.7700849118223384 0.016900718484650527 0.033964728935336266
2 0.3485996916752312 0.19732785200411102 0.005781089414182859 0.026721479958890057
0 0.42693345323741 0.31243576567317577 0.012140287769784167 0.01233299075025691
0 0.4107464028776978 0.3001027749229188 0.005202980472764622 0.012332990750256947
0 0.3948484069886948 0.28263103802672146 0.008093525179856158 0.00822199383350462
0 0.3769270298047276 0.2620760534429599 0.006937307297019544 0.016443987667009274
