0 0.7059346437454224 0.46482688188552856 0.01806964911520481 0.03220638632774353
0 0.5613278746604919 0.5746281147003174 0.020285606384277344 0.02666168287396431
0 0.6232086420059204 0.5311073660850525 0.023037146776914597 0.0243080984801054
0 0.7799836993217468 0.36262595653533936 0.011261368170380592 0.03009575791656971
0 0.345489501953125 0.6631526350975037 0.01836284063756466 0.015934187918901443
0 0.482090562582016 0.6128866076469421 0.015316200442612171 0.01907653734087944
0 0.8672304153442383 0.2535124719142914 0.020990753546357155 0.030292849987745285
0 0.7508122324943542 0.022706272080540657 0.015223694033920765 0.024116910994052887
0 0.4159397780895233 0.6357296705245972 0.0182513240724802 0.014987860806286335
0 0.6086778044700623 0.1366610825061798 0.012644831091165543 0.0136324567720294
0 0.6801370222611518 0.08922674329133304 0.01480631318535029 0.016658175566763238
0 0.6429828420589528 0.1145818057388669 0.01451825780906283 0.013296182235909483
0 0.7186537615486143 0.057486434961138005 0.01275846898372194 0.016424695703182293
