0 0.4208103120326996 0.6283778548240662 0.011986923404037952 0.010029601864516735
0 0.9058664441108704 0.24125003814697266 0.039621733129024506 0.031809475272893906
0 0.7552493810653687 0.31103989481925964 0.02730102464556694 0.02451002411544323
0 0.6682726740837097 0.09472747892141342 0.017679469659924507 0.013271479867398739
0 0.739984393119812 0.07736174017190933 0.01830444298684597 0.0174382533878088
0 0.4084716737270355 0.6256877183914185 0.013497257605195045 0.01174180768430233
0 0.6390892267227173 0.3457580804824829 0.023296356201171875 0.02044270746409893
0 0.4326174855232239 0.6318351626396179 0.011321067810058594 0.011290373280644417
0 0.5112161636352539 0.3501039147377014 0.012001991271972656 0.010182189755141735
0 0.8286728806036396 0.024855747891699958 0.023080337328007232 0.02919564038072693
