0 0.8853412866592407 0.30932655930519104 0.03862495347857475 0.032014209777116776
0 0.7438494563102722 0.37076500058174133 0.025713538751006126 0.02625257708132267
0 0.6298919916152954 0.39783334732055664 0.024033451452851295 0.018256377428770065
0 0.7261984348297119 0.149867445230484 0.01829853095114231 0.016528235748410225
0 0.8098295331001282 0.10410241037607193 0.022429322823882103 0.017923206090927124
0 0.9398384094238281 0.090706467628479 0.02074432373046875 0.017986848950386047
0 0.6585680246353149 0.16144603490829468 0.015220070257782936 0.013023397885262966
0 0.6308544278144836 0.39785096049308777 0.02306060865521431 0.01104736328125
0 0.8599159046374916 0.011430437622468972 0.02020738079686481 0.022860875244937944
0 0.7219546048334421 0.011430437622468974 0.013961463096015621 0.013716525146962769
0 0.6811724363161331 0.010124101894186806 0.013961463096015621 0.008491182233834094
0 0.3938602220770738 0.6688438928804702 0.014696276943174382 0.010450685826257314
0 0.40782168517308937 0.6727629000653167 0.012491835401698239 0.009144350097975007
0 0.4197624101894186 0.6773350751143044 0.01359405617243631 0.010450685826257314
0 0.5031637818419332 0.395819725669497 0.011389614630960096 0.010450685826257385
