0 0.6633065342903137 0.19314604997634888 0.014128684997558594 0.011806572787463665
0 0.6348846554756165 0.42726436257362366 0.02237720414996147 0.01564805768430233
0 0.727181613445282 0.048837099224328995 0.012087185867130756 0.01238411758095026
0 0.7311719059944153 0.18376770615577698 0.017760658636689186 0.01471828855574131
0 0.8143693804740906 0.14172601699829102 0.019401168450713158 0.02041235938668251
0 0.7496044039726257 0.40561938285827637 0.027000045403838158 0.02530059777200222
0 0.8930776715278625 0.3524652123451233 0.034908294677734375 0.030598478391766548
0 0.8606481552124023 0.05720925331115723 0.015384674072265625 0.015233439393341541
0 0.41812992095947266 0.6981416940689087 0.01525955181568861 0.01209326833486557
0 0.685786783695221 0.049739912152290344 0.011061223223805428 0.009349822998046875
0 0.9535662531852722 0.1349315643310547 0.034848976880311966 0.044519755989313126
0 0.4049006402492523 0.6939671039581299 0.011960029602050781 0.008930969052016735
0 0.816524863243103 0.006697284057736397 0.017306899651885033 0.013394568115472794
0 0.5065991149391007 0.4198622452811199 0.011859462059095292 0.014264889204660777
0 0.3924886980720272 0.6907752406998676 0.014205455780029297 0.013842943124473095
0 0.7707382440567017 0.03432675078511238 0.011127662844955921 0.013747049495577812
