0 0.5650326609611511 0.24618151783943176 0.00993270892649889 0.010984491556882858
0 0.5978173017501831 0.04134135693311691 0.010705185122787952 0.010851054452359676
0 0.61351078748703 0.24729670584201813 0.01049957238137722 0.009481020271778107
0 0.3571452498435974 0.3629090189933777 0.009550380520522594 0.00991855189204216
0 0.33782842089957366 0.35498316987188583 0.009834766387939453 0.00831671804189682
0 0.40903034806251526 0.14984723925590515 0.006869507022202015 0.011034308932721615
0 0.5541577935218811 0.033529169857501984 0.009445318020880222 0.013667583465576172
1 0.5148690634709276 0.23435419440745672 0.012427873945849939 0.009468856339695221
0 0.5173102529960053 0.01301967746708093 0.009320905459387489 0.01025792770133649
0 0.34664891256102975 0.360211076589239 0.012427873945849939 0.011836070424619009
1 0.3936921891058581 0.14285714285714288 0.00578108941418293 0.014388489208633075
1 0.40005138746145946 0.14337101747173692 0.003468653648509772 0.01747173689619732
