0 0.637549102306366 0.5593451857566833 0.015209452249109745 0.017357325181365013
2 0.58347487449646 0.3219122290611267 0.010046322830021381 0.013635479845106602
1 0.5779579877853394 0.6028536558151245 0.010552342981100082 0.018418150022625923
2 0.5377132296562195 0.23293915390968323 0.006931877229362726 0.014994741417467594
1 0.5152626493323963 0.6226282501756851 0.012254040758959875 0.028109627547434925
1 0.4907545678144764 0.36999297259311315 0.006719957835558645 0.018973998594518662
0 0.5551871047083626 0.3559381588193956 0.01146345748418831 0.009135628952916334
0 0.5047874209416725 0.2122276879831342 0.012649332396345726 0.008432888264230484
0 0.4848251932536894 0.21187631763879128 0.004348208011243812 0.01616303583977512
0 0.469408819395643 0.2090653548840478 0.004348208011243741 0.014757554462403349
