0 0.5732957934826837 0.4602701424478798 0.013958247296135156 0.010559430578636508
0 0.5723305955313552 0.49234441283048824 0.01351277131859895 0.00976747328523885
0 0.48368087600164583 0.5014519217045623 0.01173086740845406 0.008447544462909207
0 0.48360663000538984 0.4737334164356415 0.011285391430917856 0.007391601405045591
0 0.8707252544843717 0.4354554805880841 0.013067295341062674 0.010031459049704665
0 0.8706510084881157 0.4083969397303281 0.013809755303623064 0.00976747328523878
2 0.5081447833040589 0.33074432597745157 0.00826147079700334 0.0069570280395817715
0 0.28378062902754686 0.1591376343344346 0.013044427574215867 0.008503034270599947
0 0.20877517047580593 0.35895893969353326 0.013044427574215832 0.007730031155090913
2 0.5096030318602262 0.15775950668036998 0.01676515930113048 0.011305241521068847
0 0.25147738951695786 0.16341212744090441 0.012718396711202474 0.008221993833504637
0 0.2679534943473792 0.16135662898252828 0.013296505652620744 0.01849948612538542
0 0.5786870503597121 0.019527235354573486 0.012718396711202474 0.012332990750256938
0 0.5971865364850976 0.018499486125385406 0.017343268242548858 0.010277492291880783
0 0.6127954779033916 0.017985611510791366 0.012718396711202474 0.011305241521068862
0 0.6301387461459405 0.017471733801654555 0.013874614594039021 0.014388495397718627
0 0.17285457348406985 0.473792394655704 0.017343268242548823 0.012332990750256982
0 0.1662063206577595 0.5 0.01445272353545734 0.009249743062692701
