0 0.634948194026947 0.27285319566726685 0.015004221349954605 0.010053507052361965
0 0.8486769199371338 0.4294136166572571 0.03271293640136719 0.02851562574505806
2 0.8902721405029297 0.23915396630764008 0.027685929089784622 0.02268659882247448
0 0.6098921298980713 0.4943481385707855 0.021662140265107155 0.015263197012245655
2 0.8126457929611206 0.16413173079490662 0.02200927771627903 0.02088327705860138
0 0.7183456420898438 0.47592779994010925 0.024943986907601357 0.024783296510577202
0 0.7717143893241882 0.2367100566625595 0.01724987104535103 0.016813743859529495
0 0.3780010938644409 0.7633902430534363 0.01260970439761877 0.008701578713953495
0 0.6976892948150635 0.26820051670074463 0.015563393011689186 0.013561926782131195
0 0.7321321368217468 0.13805580139160156 0.012558365240693092 0.01117706298828125
0 0.3902817964553833 0.7669906616210938 0.01289215125143528 0.01355658657848835
0 0.6924067139625549 0.1453845500946045 0.012112489901483059 0.012455579824745655
1 0.6539708971977234 0.13775482773780823 0.010542678646743298 0.010385089553892612
0 0.36511465907096863 0.7552286982536316 0.016560204327106476 0.01408250629901886
2 0.7709720372836218 0.11559895448044584 0.019529516200621374 0.013414213147901572
2 0.7476697736351531 0.07772352912166494 0.015534842432312387 0.014992355871184113
1 0.4827545195052332 0.4705042816365366 0.012844909609895367 0.027592768791627052
2 0.7294838249286394 0.04804947668886774 0.011774500475737283 0.019980970504281634
