0 0.6090553203042559 0.49431406185903143 0.02228520916540809 0.013939719313341783
0 0.7166639923390743 0.47578890856103784 0.025793066163666934 0.021643248407556895
0 0.8476927684505022 0.4292008992769745 0.033221469218802896 0.026045265032822725
0 0.8914378086640814 0.23661267192159494 0.02661844428090433 0.021643248407556968
0 0.8131300597911886 0.1636125628859367 0.018983696696458736 0.017241231782291137
0 0.7696945363715736 0.11720797096125952 0.008872814760301394 0.011005041563164574
0 0.7282192859803972 0.047505096080993646 0.010523570994776037 0.011371876281936704
0 0.7322430043019291 0.13829668897710118 0.014444117051653507 0.014673388750886059
0 0.6915931320279901 0.14544996599315815 0.014444117051653507 0.0099045374068481
0 0.6523876714592163 0.1344449244299936 0.0074284030551361015 0.013572884594569618
0 0.7715516371353576 0.23789231512374037 0.019190041225768225 0.01797490121983543
0 0.6979898124365795 0.26999035301630364 0.018571007637840184 0.013206049875797418
0 0.6350547309972322 0.27347528284463907 0.01403142799303474 0.012105545719480979
0 0.3906396360303244 0.7661343101556387 0.014237772522344158 0.008437198531759692
0 0.377124069360563 0.761732293530373 0.014444117051653507 0.00843719853175955
0 0.36247360777960014 0.7558629380300187 0.014031427993034811 0.00917086796930377
