0 0.8921573758125305 0.3516395092010498 0.03750266879796982 0.0267198346555233
0 0.6344175934791565 0.4289761483669281 0.023078441619873047 0.02027740515768528
0 0.7500749826431274 0.40566286444664 0.026321792975068092 0.02402157336473465
0 0.7314912676811218 0.18403968214988708 0.019208813086152077 0.017843246459960938
0 0.7278979420661926 0.04947032779455185 0.013331222347915173 0.012609503231942654
0 0.6641812324523926 0.1940116435289383 0.01573009416460991 0.014544508419930935
0 0.8143858500822625 0.14257865404475362 0.0212409363926949 0.02572355336971359
0 0.6865270733833313 0.04831808805465698 0.012900066561996937 0.012043009512126446
0 0.7724730568256041 0.03527106466361855 0.015063683866753906 0.016982364467668192
0 0.8606507184846504 0.055519268451992156 0.018002939255388668 0.016982364467668196
0 0.9523187459177006 0.13487916394513388 0.03821032005225348 0.05160026126714563
0 0.4173742651861528 0.6998693664271717 0.013961463096015692 0.011103853690398466
0 0.4041476159372958 0.6939908556499019 0.013226649248857001 0.00979751796211616
0 0.3920231874591769 0.6881123448726322 0.014696276943174382 0.011103853690398466
