0 0.34441041946411133 0.6626080274581909 0.02049846574664116 0.01727786660194397
0 0.6230798363685608 0.5314760208129883 0.022554270923137665 0.02431945875287056
0 0.5607215166091919 0.5745789408683777 0.021555710583925247 0.02562306635081768
0 0.8682743310928345 0.25223562121391296 0.022121429443359375 0.02915649488568306
0 0.7042725682258606 0.46586886048316956 0.022490119561553 0.03419186547398567
0 0.4158661663532257 0.6352593302726746 0.018857289105653763 0.0144966971129179
0 0.7793589234352112 0.3635709881782532 0.011531829833984375 0.032917872071266174
0 0.48329204644041857 0.6105178321677045 0.01934528350830078 0.01647881418466568
0 0.7499940395355225 0.023275990039110184 0.015778223052620888 0.021600404754281044
0 0.718046476002381 0.05631119067337216 0.014992968179285606 0.021233105279534432
0 0.680070215545395 0.08948399738732853 0.014696276943174524 0.014369693011103859
0 0.6433295231874593 0.11691704768125408 0.014696276943174453 0.014369693011103859
0 0.6084258654474201 0.1358589157413455 0.015431090790333073 0.013063357282821677
