0 0.8853662610054016 0.38995784521102905 0.03484916687011719 0.03016967698931694
0 0.7200211882591248 0.09209916740655899 0.012189293280243874 0.012135527096688747
0 0.6592084169387817 0.23142412304878235 0.013972282409667969 0.01265699602663517
0 0.8050764203071594 0.1860688030719757 0.019499968737363815 0.020523665472865105
0 0.7454061508178711 0.4411753714084625 0.02649078331887722 0.0252812709659338
0 0.5055992056463118 0.450544354219188 0.014504014111350825 0.012243879385689
0 0.7261061072349548 0.2255425751209259 0.017861176282167435 0.014590200036764145
0 0.41690748929977417 0.7354154586791992 0.014522361569106579 0.01149088516831398
0 0.9379482865333557 0.18640747666358948 0.03319282457232475 0.02485724538564682
0 0.6318588256835938 0.463056355714798 0.022109221667051315 0.01694624125957489
0 0.8070753812789917 0.0525469146668911 0.014627456665039062 0.01588255539536476
0 0.4042755365371704 0.7311872839927673 0.0152587890625 0.0102386474609375
0 0.390395849943161 0.7251924276351929 0.011678218841552734 0.01036207377910614
0 0.7637717127799988 0.07934998720884323 0.012309137731790543 0.014074749313294888
0 0.678512692451477 0.09107328206300735 0.009082222357392311 0.009816254489123821
0 0.7814484238624573 0.011132616549730301 0.01476135291159153 0.019683269783854485
