0 0.37709012627601624 0.7531931400299072 0.012458356097340584 0.01099311001598835
0 0.8389745354652405 0.44020456075668335 0.030874062329530716 0.02812076173722744
0 0.7106351256370544 0.47912806272506714 0.023901939392089844 0.02127987891435623
0 0.6320837736129761 0.26884379982948303 0.015165138058364391 0.013392554596066475
0 0.6024676561355591 0.4910828769207001 0.021958161145448685 0.01699625700712204
0 0.6939243674278259 0.26704880595207214 0.016804758459329605 0.014893454499542713
0 0.7672830820083618 0.24076871573925018 0.01782531663775444 0.016651874408125877
2 0.8102922439575195 0.16735613346099854 0.015977859497070312 0.016193686053156853
2 0.7486256957054138 0.07460486143827438 0.014752769842743874 0.014760293066501617
0 0.36470338702201843 0.74791020154953 0.014225387945771217 0.011226569302380085
2 0.771021842956543 0.11675973236560822 0.01370925921946764 0.011952484957873821
1 0.35127145051956177 0.7424362301826477 0.014947096817195415 0.01267903670668602
1 0.4767770767211914 0.46675506234169006 0.011843299493193626 0.014208391308784485
2 0.8855002163465006 0.2504314702146945 0.03225371911476926 0.020006543741882297
0 0.7308422327041626 0.1375301033258438 0.011952972039580345 0.011191191151738167
0 0.6905105710029602 0.14325830340385437 0.011685562320053577 0.011152111925184727
1 0.6523959383310464 0.13566289825282632 0.010984065767950475 0.010277492291880764
2 0.727839157245632 0.046248715313463515 0.01156217882836586 0.012332990750256947
