0 0.8642757534980774 0.2636316418647766 0.023934174329042435 0.023799726739525795
0 0.8268123865127563 0.4505060315132141 0.03018493577837944 0.02761942520737648
0 0.7036576867103577 0.4985997974872589 0.023346900939941406 0.02466617152094841
0 0.7518431544303894 0.26433223485946655 0.017542649060487747 0.01821749657392502
0 0.6815868616104126 0.29626893997192383 0.015474891290068626 0.01167424488812685
0 0.5974854230880737 0.5185452103614807 0.02219695970416069 0.01761271245777607
0 0.3674083650112152 0.79470294713974 0.014431159012019634 0.00926259346306324
0 0.38108083605766296 0.7984732985496521 0.015493329614400864 0.0131395123898983
0 0.7921793460845947 0.19489894807338715 0.01830768585205078 0.018189070746302605
0 0.7133671641349792 0.17217084765434265 0.01074295025318861 0.010791778564453125
0 0.6357772946357727 0.17012803256511688 0.006095313932746649 0.01163575891405344
0 0.618215024471283 0.2989042401313782 0.007838757708668709 0.01416642963886261
0 0.3538675606250763 0.7878826260566711 0.01653493195772171 0.013599141500890255
0 0.6742121615623614 0.17911919909256796 0.014203284509542726 0.011046999062977712
0 0.47381269418553046 0.4998767075997435 0.011096316023080349 0.014992355871183988
