0 0.6588580012321472 0.16097606718540192 0.014741134829819202 0.011187192983925343
0 0.939038872718811 0.09250577539205551 0.02196960523724556 0.021673966199159622
0 0.630727231502533 0.39960286021232605 0.023529497906565666 0.0210138950496912
0 0.7435212731361389 0.37025541067123413 0.025519752874970436 0.026081085205078125
0 0.8858118057250977 0.30816441774368286 0.03615760803222656 0.03097601979970932
0 0.7258504033088684 0.14858293533325195 0.017569923773407936 0.01396950613707304
0 0.4078127608741593 0.6733903634146646 0.013610343323566775 0.008121405728161333
0 0.3952101171016693 0.6692553758621216 0.013649940490722656 0.01087985560297966
0 0.42031899094581604 0.6763741970062256 0.01169290579855442 0.010953719727694988
0 0.8084527254104614 0.1022779643535614 0.019531821832060814 0.019963115453720093
0 0.5042330026626587 0.3952758014202118 0.012219810858368874 0.012767706997692585
0 0.8598985075950623 0.013809061609208584 0.01750011369585991 0.02108110673725605
0 0.7210602164268494 0.011610486544668674 0.012072245590388775 0.015382187440991402
0 0.6826453617399022 0.009468856339695221 0.02041722148246791 0.014203284509542833
