0 0.8487798151605247 0.7921461410587554 0.009637277909041302 0.014178983590313549
0 0.802919665110604 0.6420852313946019 0.006978718485857342 0.011815819658594861
0 0.7562287152409379 0.5011815819658595 0.011963517404327178 0.014769774573243381
0 0.7115316849386599 0.362050305485906 0.004984798918469693 0.016542147522032664
0 0.6734810531943416 0.23916578103652048 0.004652478990571609 0.01181581965859479
0 0.6234669040456958 0.40340567429098767 0.004984798918469764 0.015360565556173213
0 0.74110815852158 0.5366290409416438 0.006978718485857627 0.013588192607384073
0 0.7181780834966196 0.5487402560917033 0.010966557620633352 0.01181581965859479
0 0.6992358476064348 0.5576021208356494 0.004984798918469693 0.00945265572687596
0 0.6841152908870768 0.5643962171393414 0.003987839134775726 0.011225028675665029
0 0.6738133731222394 0.5685317540198496 0.004652478990571751 0.013588192607384001
0 0.6686624142398208 0.2802257543501373 0.004984798918469693 0.01240661064152455
0 0.6576958566191875 0.2890876190940833 0.004984798918469551 0.014769774573243452
0 0.6478924187461973 0.2973586928550997 0.003987839134775726 0.013588192607384038
0 0.6407475402963907 0.30622055759904576 0.004984798918469764 0.013588192607384038
0 0.8125569430196452 0.7917461785172674 0.008307998197449394 0.01122502867566496
0 0.7843097491483171 0.7982448793294944 0.008307998197449535 0.015951356539103047
0 0.7582226348083259 0.803561998175862 0.013957436971715111 0.01240661064152448
0 0.7349602398554674 0.8065159530905106 0.009304957981143502 0.012406610641524622
0 0.7153533641094867 0.8068113485819756 0.008640318125347476 0.01063423769273527
