0 0.5679482366741626 0.2560444047145334 0.0066491236398782995 0.007595163797780794
0 0.5679302059688982 0.2921675646209173 0.007396143349011206 0.007027314695857173
0 0.6900368780968883 0.2626156895490704 0.0036525568183095624 0.0059336640469445515
0 0.6929652207625483 0.2992811975048069 0.005478833732342849 0.006717344039654023
0 0.6716719066433245 0.10822814407825768 0.004702294067168822 0.004753517314087769
0 0.5493401920443949 0.061169461413218953 0.007187012437584599 0.004152496075048813
0 0.44954816858496505 0.2871364015659604 0.005245807552297641 0.014103948424995343
0 0.4475671148705175 0.2507468783779472 0.005595907585952386 0.013415756550157736
0 0.27320147619184865 0.15016000968100746 0.009835889160558798 0.011943864392110447
0 0.27271546545521314 0.18694497669068721 0.00938328935734302 0.011083608969500431
